CantA	1	128	205	301	401	501	601
CantA	1	128	205	301	401	501	601
CantAA	1	-9	206	302	401	502	621
CantAA	1	-9	206	302	401	503	621
CantAC	1	129	207	301	-9	502	611
CantAC	1	130	207	301	-9	503	611
CantAD	1	131	207	301	-9	504	611
CantAD	1	131	206	302	-9	505	611
CantAE	1	132	207	301	-9	506	602
CantAE	1	132	207	301	-9	507	602
CantAF	1	-9	203	303	-9	508	622
CantAF	1	-9	203	303	-9	508	622
CantAG	1	-9	-9	304	-9	508	611
CantAG	1	-9	-9	304	-9	508	611
CantAH	1	-9	-9	305	-9	-9	602
CantAH	1	-9	-9	306	-9	-9	602
CantAI	1	-9	-9	307	-9	509	623
CantAI	1	-9	-9	307	-9	509	623
CantAJ	1	-9	208	308	-9	-9	624
CantAJ	1	-9	208	308	-9	-9	624
CantAK	1	-9	-9	306	401	510	625
CantAK	1	-9	-9	306	401	510	625
CantAL	1	-9	204	306	401	509	609
CantAL	1	-9	204	306	401	509	609
CantAM	1	-9	204	306	-9	508	604
CantAM	1	-9	204	306	-9	508	604
CantAN	1	-9	-9	301	-9	511	626
CantAN	1	-9	-9	301	-9	511	626
CantAQ	1	133	-9	301	-9	506	626
CantAQ	1	133	-9	301	-9	506	626
CantAR	1	134	-9	301	-9	512	627
CantAR	1	134	-9	301	-9	512	627
CantAU	1	130	-9	301	-9	503	629
CantAU	1	130	-9	309	-9	503	629
CantAV	1	-9	-9	301	-9	513	627
CantAV	1	-9	-9	309	-9	513	627
CantAW	1	135	-9	301	-9	506	623
CantAW	1	136	-9	301	-9	506	623
CantAX	1	-9	-9	-9	-9	502	630
CantAX	1	-9	-9	-9	-9	502	630
CantAY	1	-9	-9	301	-9	506	611
CantAY	1	-9	-9	301	-9	506	611
CantAZ	1	-9	-9	301	-9	-9	-9
CantAZ	1	-9	-9	301	-9	-9	-9
CantB	1	128	209	301	-9	502	602
CantB	1	128	209	301	-9	502	602
CantBA	1	137	-9	301	401	502	604
CantBA	1	137	-9	301	401	507	604
CantBB	1	128	-9	310	-9	514	602
CantBB	1	138	-9	310	-9	515	602
CantBC	1	139	-9	311	-9	516	631
CantBC	1	140	-9	311	-9	517	631
CantBD	1	141	-9	312	-9	507	632
CantBD	1	141	-9	312	-9	507	632
CantBE	1	128	-9	313	-9	502	633
CantBE	1	128	-9	313	-9	502	633
CantBF	1	142	-9	314	-9	502	604
CantBF	1	142	-9	314	-9	507	604
CantBG	1	143	-9	315	-9	503	634
CantBG	1	143	-9	315	-9	503	634
CantBH	1	144	-9	310	-9	518	635
CantBH	1	144	-9	310	-9	519	635
CantBI	1	145	-9	301	-9	516	611
CantBI	1	145	-9	301	-9	520	611
CantBJ	1	146	-9	316	-9	502	636
CantBJ	1	146	-9	316	-9	502	636
CantBK	1	139	-9	301	402	503	602
CantBK	1	139	-9	301	402	503	602
CantBL	1	128	-9	301	403	-9	620
CantBL	1	139	-9	301	403	-9	620
CantBM	1	130	-9	-9	403	502	637
CantBM	1	132	-9	-9	403	502	637
CantBN	1	-9	-9	317	403	502	638
CantBN	1	-9	-9	317	403	502	638
CantBO	1	128	-9	301	401	502	639
CantBO	1	128	-9	301	401	502	639
CantBP	1	130	-9	301	401	-9	602
CantBP	1	130	-9	301	401	-9	602
CantBQ	1	147	-9	301	401	-9	640
CantBQ	1	147	-9	301	401	-9	640
CantBR	1	128	-9	301	403	-9	631
CantBR	1	128	-9	301	403	-9	631
CantBS	1	139	-9	301	401	-9	602
CantBS	1	139	-9	301	401	-9	602
CantBT	1	139	-9	301	404	-9	641
CantBT	1	139	-9	301	404	-9	641
CantBU	1	128	-9	-9	403	521	642
CantBU	1	128	-9	-9	403	522	642
CantBV	1	128	-9	318	405	523	643
CantBV	1	128	-9	318	405	524	643
CantBW	1	128	-9	-9	401	-9	644
CantBW	1	128	-9	-9	401	-9	644
CantBX	1	139	-9	319	405	506	602
CantBX	1	139	-9	319	405	506	602
CantC	1	148	-9	301	-9	502	603
CantC	1	148	-9	301	-9	502	603
CantD	1	149	207	301	-9	503	604
CantD	1	150	207	301	-9	503	604
CantE	1	134	207	301	-9	502	606
CantE	1	134	207	301	-9	502	606
CantF	1	151	207	301	-9	502	603
CantF	1	152	207	301	-9	502	603
CantG	1	128	210	320	401	507	604
CantG	1	139	210	320	401	507	604
CantH	1	153	205	321	-9	502	607
CantH	1	153	205	321	-9	502	607
CantI	1	153	207	301	-9	511	608
CantI	1	153	207	301	-9	511	608
CantJ	1	154	206	302	-9	507	609
CantJ	1	155	206	302	-9	507	609
CantL	1	142	207	301	-9	525	604
CantL	1	142	206	302	-9	525	604
CantM	1	156	207	301	401	525	610
CantM	1	156	206	302	401	525	610
CantN	1	157	207	301	-9	523	611
CantN	1	157	206	302	-9	523	611
CantO	1	139	-9	301	-9	502	609
CantO	1	139	-9	302	-9	526	609
CantP	1	133	205	321	-9	507	612
CantP	1	158	205	321	-9	507	612
CantQ	1	130	207	301	-9	507	613
CantQ	1	130	207	301	-9	507	613
CantS	1	139	207	301	-9	502	614
CantS	1	139	206	302	-9	503	614
CantT	1	139	207	301	-9	503	602
CantT	1	139	207	301	-9	503	602
CantU	1	-9	207	301	-9	506	615
CantU	1	-9	207	301	-9	507	615
CantV	1	139	207	301	-9	503	616
CantV	1	139	206	302	-9	503	616
CantW	1	132	207	301	-9	506	617
CantW	1	132	206	302	-9	507	617
CantX	1	159	207	301	-9	503	618
CantX	1	160	207	301	-9	503	618
CantY	1	142	207	301	-9	506	619
CantY	1	142	206	302	-9	506	619
CantZ	1	142	207	301	-9	503	620
CantZ	1	142	206	302	-9	503	620
CatkAS	2	121	-9	322	-9	-9	628
CatkAS	2	121	-9	322	-9	-9	628
CatkAT	2	122	-9	322	-9	503	628
CatkAT	2	122	-9	322	-9	503	628
CatkAZ	2	122	-9	322	-9	503	628
CatkAZ	2	122	-9	322	-9	503	628
CatkB	2	122	201	323	406	503	645
CatkB	2	122	201	323	406	503	645
CatkC	2	123	202	322	406	527	646
CatkC	2	123	202	322	406	527	646
CatkD	2	122	202	322	406	503	647
CatkD	2	122	202	322	406	503	647
CatkE	2	-9	-9	324	-9	528	648
CatkE	2	-9	-9	324	-9	528	648
CatkF	2	-9	203	325	-9	508	628
CatkF	2	-9	203	326	-9	508	628
CatkG	2	-9	204	306	-9	529	628
CatkG	2	-9	204	306	-9	529	628
CatkH	2	-9	204	306	-9	530	628
CatkH	2	-9	204	306	-9	530	628
CatkI	2	124	-9	322	-9	531	628
CatkI	2	124	-9	322	-9	531	628
CatkJ	2	125	-9	323	-9	527	649
CatkJ	2	125	-9	323	-9	527	649
CatkK	2	126	-9	322	-9	503	628
CatkK	2	126	-9	323	-9	503	628
CatkL	2	124	-9	322	-9	503	628
CatkL	2	124	-9	322	-9	503	628
CatkM	2	122	-9	322	-9	502	628
CatkM	2	122	-9	322	-9	502	628
CatkN	2	122	-9	322	-9	503	628
CatkN	2	122	-9	322	-9	503	628
CatkO	2	127	-9	322	-9	503	628
CatkO	2	127	-9	322	-9	503	628